frames,x1,y1,w,h
1,583.5,124.5,593,378
2,587.5,126.5,585,377
3,593.5,128.5,575,371
4,595.5,131.5,570,377
5,599.5,134.5,562,366
6,606.5,138.5,551,373
7,608.5,143.5,544,368
8,616.5,147.5,534,354
9,625.5,147.5,534,353
10,631.5,149.5,527,347
11,642.5,147.5,513,354
12,649.5,146.5,496,347
13,654.5,152.5,480,363
14,655.5,149.5,456,363
15,645.5,148.5,454,353
16,634.5,148.5,454,348
17,624.5,148.5,447,347
18,614.5,147.5,440,343
19,578.5,147.5,438,347
20,562.5,145.5,434,348
21,547.5,144.5,429,343
22,528.5,144.5,427,345
23,508.5,144.5,428,345
24,474.5,144.5,424,337
25,460.5,145.5,419,336
26,442.5,145.5,418,340
27,431.5,145.5,411,341
28,418.5,144.5,407,341
29,394.5,146.5,402,333
30,388.5,145.5,393,335
31,376.5,142.5,390,338
32,372.5,145.5,381,333
33,375.5,144.5,355,329
34,358.5,143.5,359,332
35,351.5,140.5,352,336
36,343.5,141.5,352,338
37,334.5,142.5,355,336
38,331.5,138.5,354,343
39,327.5,136.5,339,347
40,326.5,133.5,318,348
41,323.5,134.5,337,347
42,320.5,134.5,337,347
43,319.5,134.5,335,347
44,320.5,136.5,329,341
45,320.5,137.5,326,337
46,314.5,136.5,333,336
47,316.5,136.5,333,347
48,321.5,135.5,326,353
49,324.5,132.5,326,355
50,324.5,136.5,326,353
51,323.5,133.5,330,356
52,325.5,136.5,331,360
53,332.5,135.5,328,365
54,346.5,130.5,322,367
55,362.5,135.5,308,369
56,362.5,135.5,312,370
57,368.5,135.5,310,371
58,371.5,132.5,311,375
59,372.5,132.5,320,377
60,377.5,135.5,318,367
61,375.5,134.5,323,363
62,389.5,134.5,314,362
63,390.5,133.5,317,361
64,397.5,128.5,318,354
65,400.5,125.5,314,354
66,405.5,119.5,313,355
67,410.5,115.5,315,349
68,415.5,111.5,320,366
69,427.5,93.5,312,381
70,433.5,94.5,308,378
71,434.5,98.5,309,376
72,435.5,98.5,308,364
73,434.5,96.5,311,369
74,426.5,96.5,321,372
75,427.5,96.5,321,381
76,426.5,96.5,325,384
77,426.5,94.5,319,395
78,425.5,94.5,325,382
79,423.5,95.5,328,376
80,431.5,94.5,312,381
81,430.5,92.5,321,377
82,434.5,92.5,328,377
83,430.5,93.5,342,374
84,434.5,92.5,348,374
85,441.5,93.5,357,359
86,443.5,94.5,361,369
87,447.5,92.5,361,369
88,451.5,91.5,358,374
89,455.5,90.5,354,369
90,456.5,88.5,346,366
91,459.5,87.5,337,373
92,463.5,87.5,332,374
93,460.5,87.5,336,368
94,454.5,87.5,345,366
95,458.5,89.5,347,364
96,459.5,91.5,352,405
97,460.5,92.5,358,403
98,462.5,92.5,361,398
99,466.5,93.5,363,399
100,474.5,94.5,364,407
101,479.5,95.5,367,392
102,485.5,95.5,366,402
103,492.5,95.5,368,396
104,494.5,98.5,371,390
105,510.5,96.5,364,387
106,514.5,97.5,367,386
107,534.5,98.5,351,384
108,549.5,96.5,340,380
109,560.5,96.5,334,375
110,566.5,96.5,330,364
111,569.5,96.5,327,359
112,572.5,96.5,328,356
113,575.5,96.5,324,355
114,577.5,95.5,324,352
115,583.5,94.5,321,357
116,584.5,95.5,317,353
117,587.5,94.5,311,357
118,588.5,94.5,310,367
119,591.5,93.5,316,383
120,595.5,90.5,325,364
121,595.5,87.5,323,386
122,590.5,87.5,331,384
123,587.5,86.5,337,386
124,585.5,86.5,340,375
125,577.5,82.5,351,373
126,577.5,78.5,349,376
127,561.5,76.5,361,398
128,567.5,74.5,348,398
129,559.5,72.5,350,401
130,562.5,69.5,331,408
131,562.5,69.5,328,406
132,566.5,69.5,321,404
133,576.5,69.5,309,415
134,570.5,70.5,315,407
135,577.5,71.5,326,400
136,577.5,72.5,328,396
137,578.5,74.5,328,377
138,576.5,75.5,330,392
139,574.5,77.5,331,403
140,575.5,81.5,339,391
141,571.5,82.5,346,393
142,568.5,85.5,351,395
143,558.5,88.5,362,392
144,548.5,92.5,372,393
145,535.5,87.5,388,396
146,533.5,88.5,392,395
147,532.5,90.5,396,395
148,532.5,91.5,400,393
149,531.5,90.5,406,392
150,530.5,89.5,412,406
151,530.5,88.5,414,411
152,530.5,88.5,418,411
153,530.5,91.5,419,412
154,530.5,89.5,423,418
155,532.5,89.5,427,418
156,535.5,90.5,431,413
157,531.5,88.5,440,413
158,522.5,84.5,454,414
159,514.5,84.5,469,413
160,508.5,80.5,490,422
161,491.5,80.5,511,423
162,501.5,76.5,505,425
163,509.5,73.5,502,434
164,515.5,75.5,508,437
165,511.5,73.5,513,454
166,504.5,72.5,518,443
167,489.5,70.5,536,441
168,491.5,69.5,540,435
169,502.5,72.5,503,437
170,516.5,77.5,478,436
171,515.5,79.5,484,439
172,523.5,84.5,481,440
173,528.5,86.5,479,446
174,531.5,88.5,482,457
175,536.5,97.5,500,457
176,540.5,101.5,507,456
177,546.5,103.5,503,458
178,548.5,104.5,505,463
179,552.5,103.5,506,470
180,559.5,105.5,513,476
181,557.5,107.5,517,480
182,563.5,105.5,508,486
183,577.5,103.5,498,494
184,586.5,101.5,492,498
185,594.5,94.5,490,504
186,592.5,91.5,497,506
187,598.5,89.5,494,507
188,604.5,88.5,490,509
189,610.5,88.5,483,510
190,617.5,85.5,476,508
191,620.5,83.5,477,511
192,621.5,81.5,468,506
193,619.5,81.5,468,498
194,614.5,80.5,477,492
195,613.5,77.5,476,472
196,613.5,75.5,472,465
197,611.5,73.5,469,461
198,610.5,70.5,467,458
199,609.5,69.5,461,454
200,609.5,66.5,428,450
201,607.5,65.5,435,459
202,600.5,63.5,432,458
203,600.5,66.5,436,456
204,599.5,65.5,421,459
205,594.5,65.5,406,462
206,595.5,65.5,405,468
207,594.5,66.5,407,467
208,594.5,65.5,408,471
209,594.5,70.5,406,465
210,591.5,75.5,439,464
211,589.5,74.5,423,465
212,587.5,74.5,429,470
213,586.5,73.5,430,474
214,585.5,72.5,438,475
215,586.5,71.5,442,489
216,586.5,71.5,444,493
217,590.5,70.5,514,500
218,596.5,69.5,514,508
219,603.5,69.5,456,522
220,617.5,66.5,416,529
221,623.5,65.5,403,534
222,628.5,64.5,401,532
223,630.5,63.5,407,534
224,633.5,61.5,404,534
225,636.5,60.5,407,531
226,634.5,60.5,412,529
227,633.5,58.5,410,528
228,631.5,57.5,414,527
229,628.5,58.5,423,515
230,619.5,54.5,437,522
231,613.5,52.5,450,505
232,601.5,50.5,460,502
233,597.5,50.5,470,483
234,589.5,48.5,465,476
235,583.5,46.5,479,472
236,584.5,44.5,457,476
237,587.5,42.5,453,485
238,589.5,42.5,420,483
239,587.5,40.5,443,483
240,582.5,39.5,452,482
241,567.5,41.5,428,475
242,551.5,42.5,441,472
243,549.5,40.5,452,466
244,550.5,42.5,452,480
245,546.5,43.5,460,470
246,544.5,45.5,467,435
247,541.5,46.5,478,430
248,541.5,50.5,475,463
249,543.5,50.5,479,462
250,543.5,58.5,489,444
251,539.5,62.5,500,470
252,540.5,64.5,506,485
253,542.5,65.5,510,476
254,544.5,67.5,513,434
255,540.5,69.5,521,475
256,552.5,73.5,514,457
257,557.5,74.5,512,461
258,566.5,73.5,512,456
259,576.5,75.5,506,445
260,583.5,75.5,504,450
261,605.5,74.5,499,454
262,614.5,73.5,487,455
263,621.5,72.5,478,460
264,628.5,72.5,487,473
265,633.5,72.5,484,467
266,642.5,72.5,475,508
267,644.5,72.5,476,469
268,643.5,73.5,488,489
269,638.5,72.5,498,453
270,629.5,74.5,528,489
271,619.5,76.5,528,449
272,618.5,76.5,527,431
273,619.5,77.5,537,445
274,621.5,77.5,538,444
275,622.5,77.5,545,444
276,625.5,77.5,452,484
277,625.5,76.5,452,489
278,621.5,74.5,459,493
279,618.5,69.5,465,468
280,616.5,67.5,469,581
281,613.5,66.5,476,460
282,610.5,66.5,481,484
283,605.5,64.5,489,479
284,600.5,63.5,396,496
285,594.5,62.5,403,466
286,578.5,61.5,413,481
287,571.5,61.5,422,504
288,562.5,61.5,431,550
289,553.5,62.5,428,464
290,544.5,69.5,434,459
291,523.5,76.5,458,458
292,511.5,76.5,470,459
293,499.5,76.5,484,521
294,474.5,76.5,507,518
295,473.5,79.5,504,515
296,451.5,79.5,528,461
297,439.5,78.5,536,479
298,425.5,74.5,549,484
299,417.5,74.5,553,455
300,409.5,66.5,559,463
301,384.5,69.5,581,515
302,373.5,70.5,586,490
303,362.5,70.5,593,488
304,352.5,73.5,596,494
305,342.5,72.5,602,500
306,322.5,72.5,616,516
307,311.5,72.5,625,523
308,299.5,71.5,634,527
309,288.5,71.5,643,528
310,275.5,71.5,652,464
311,251.5,72.5,653,507
312,240.5,72.5,659,507
313,227.5,72.5,663,524
314,212.5,76.5,672,531
315,196.5,80.5,687,526
316,163.5,84.5,719,474
317,147.5,82.5,735,508
318,131.5,82.5,661,521
319,118.5,82.5,674,453
320,106.5,83.5,669,439
321,83.5,77.5,653,477
322,71.5,76.5,628,483
323,59.5,74.5,639,482
324,43.5,73.5,654,480
325,35.5,75.5,660,486
326,6.5,80.5,678,476
327,0.5,82.5,676,473
328,0.5,85.5,657,470
329,0.5,87.5,640,554
330,0.5,87.5,616,470
331,0.5,92.5,587,490
332,0.5,92.5,575,503
333,0.5,92.5,565,501
334,0.5,92.5,562,501
335,0.5,93.5,559,496
336,0.5,87.5,549,474
337,0.5,87.5,541,488
338,0.5,85.5,538,489
339,0.5,83.5,529,497
340,0.5,79.5,523,500
341,0.5,80.5,513,495
342,0.5,80.5,508,507
343,0.5,84.5,501,503
344,0.5,92.5,491,506
345,0.5,92.5,474,576
346,0.5,94.5,455,507
347,0.5,92.5,434,581
348,0.5,92.5,413,539
349,0.5,90.5,368,511
350,0.5,86.5,357,514
351,0.5,92.5,292,464
352,0.5,95.5,263,446
353,0.5,97.5,246,477
354,0.5,98.5,227,542
355,0.5,108.5,212,546
356,0.5,118.5,189,507
357,0.5,127.5,185,489
358,0.5,136.5,179,502
359,0.5,144.5,171,463
360,0.5,156.5,162,456
361,0.5,173.5,131,452
362,0.5,183.5,118,441
363,0.5,185.5,102,437
364,0.5,191.5,93,429
365,0.5,200.5,78,418
366,0.5,217.5,56,382
