frames,x1,y1,w,h
1,132.5,165.5,107,82
2,132.5,165.5,107,82
3,132.5,165.5,107,84
4,132.5,166.5,108,85
5,131.5,163.5,111,88
6,131.5,166.5,113,80
7,132.5,155.5,113,77
8,131.5,135.5,115,74
9,134.5,115.5,115,70
10,137.5,101.5,113,77
11,139.5,93.5,113,85
12,142.5,89.5,113,89
13,146.5,88.5,113,90
14,148.5,89.5,115,89
15,153.5,93.5,115,86
16,155.5,101.5,118,77
17,162.5,114.5,115,73
18,164.5,133.5,118,81
19,167.5,153.5,116,82
20,171.5,166.5,114,82
21,174.5,166.5,110,87
22,177.5,165.5,106,87
23,179.5,166.5,104,83
24,180.5,166.5,104,81
25,182.5,166.5,103,83
26,183.5,166.5,105,86
27,183.5,166.5,109,89
28,184.5,166.5,113,85
29,182.5,151.5,119,88
30,182.5,129.5,123,90
31,182.5,111.5,126,82
32,182.5,97.5,120,81
33,183.5,89.5,126,84
34,184.5,83.5,125,89
35,184.5,81.5,125,89
36,184.5,80.5,126,88
37,184.5,80.5,127,86
38,185.5,84.5,108,79
39,185.5,94.5,130,84
40,186.5,108.5,127,91
41,186.5,126.5,122,89
42,189.5,138.5,113,84
43,187.5,136.5,110,86
44,188.5,132.5,105,85
45,189.5,129.5,102,82
46,189.5,126.5,101,80
47,190.5,123.5,101,82
48,190.5,119.5,105,85
49,190.5,117.5,111,86
50,193.5,110.5,116,85
51,191.5,99.5,126,82
52,192.5,75.5,133,82
53,194.5,55.5,134,74
54,195.5,40.5,134,75
55,196.5,30.5,133,84
56,197.5,25.5,131,87
57,198.5,23.5,129,88
58,198.5,23.5,131,86
59,197.5,27.5,134,82
60,196.5,35.5,137,73
61,195.5,51.5,138,58
62,194.5,73.5,137,61
63,197.5,95.5,128,63
64,195.5,97.5,124,77
65,197.5,99.5,116,85
66,201.5,101.5,108,88
67,203.5,105.5,103,86
68,206.5,108.5,101,85
69,208.5,111.5,102,85
70,211.5,114.5,105,85
71,213.5,117.5,111,82
72,217.5,121.5,116,69
73,220.5,124.5,121,50
74,225.5,116.5,120,35
75,228.5,109.5,118,34
76,233.5,97.5,114,50
77,236.5,90.5,109,60
78,238.5,85.5,107,68
79,240.5,84.5,105,71
80,242.5,87.5,103,70
81,242.5,95.5,102,64
82,242.5,106.5,100,53
83,240.5,123.5,104,37
84,241.5,146.5,101,14
85,238.5,147.5,107,34
86,237.5,147.5,110,51
87,236.5,145.5,109,66
88,235.5,142.5,104,74
89,233.5,139.5,102,78
90,230.5,136.5,101,78
91,226.5,133.5,101,76
92,220.5,128.5,106,73
93,212.5,124.5,114,67
94,204.5,119.5,121,57
95,196.5,105.5,125,52
96,189.5,73.5,128,66
97,186.5,47.5,123,76
98,184.5,29.5,115,89
99,182.5,18.5,110,96
100,179.5,13.5,105,98
101,176.5,9.5,103,98
102,172.5,6.5,105,99
103,167.5,4.5,109,98
104,162.5,5.5,113,95
105,158.5,13.5,119,94
106,158.5,28.5,121,93
107,157.5,50.5,125,84
108,159.5,71.5,118,73
109,162.5,82.5,111,69
110,162.5,81.5,107,72
111,162.5,82.5,103,71
112,160.5,83.5,102,69
113,157.5,83.5,104,71
114,154.5,83.5,105,73
115,147.5,81.5,109,74
116,146.5,74.5,107,76
117,141.5,55.5,108,84
118,139.5,34.5,104,89
119,132.5,19.5,105,86
120,134.5,12.5,95,82
121,133.5,10.5,96,84
122,131.5,10.5,94,84
123,129.5,11.5,94,83
124,127.5,11.5,94,83
125,124.5,13.5,96,81
126,122.5,18.5,98,76
127,119.5,31.5,102,68
128,115.5,51.5,106,65
129,118.5,77.5,103,56
130,117.5,83.5,104,63
131,114.5,83.5,106,72
132,115.5,83.5,104,77
133,118.5,83.5,101,78
134,118.5,83.5,101,79
135,119.5,83.5,101,79
136,120.5,83.5,102,78
137,122.5,85.5,103,73
138,122.5,86.5,106,64
139,123.5,87.5,106,49
140,124.5,63.5,108,57
141,126.5,43.5,106,62
142,125.5,31.5,107,74
143,127.5,27.5,105,81
144,130.5,27.5,101,83
145,132.5,30.5,101,83
146,133.5,32.5,103,83
147,134.5,35.5,106,83
148,137.5,41.5,108,80
149,138.5,55.5,113,80
150,138.5,75.5,119,85
151,140.5,101.5,120,81
152,141.5,120.5,112,80
153,142.5,124.5,123,88
154,143.5,127.5,121,91
155,146.5,129.5,118,91
156,146.5,132.5,120,91
157,148.5,135.5,121,91
158,148.5,137.5,125,93
159,150.5,139.5,127,93
160,150.5,133.5,130,95
161,151.5,111.5,131,106
162,152.5,88.5,128,113
163,152.5,73.5,124,109
164,154.5,67.5,118,100
165,154.5,67.5,115,88
166,155.5,69.5,112,86
167,156.5,69.5,112,86
168,158.5,68.5,112,87
169,160.5,66.5,115,89
170,162.5,67.5,120,100
171,163.5,74.5,126,104
172,166.5,92.5,131,105
173,170.5,119.5,132,96
174,173.5,144.5,128,84
175,178.5,143.5,131,92
176,182.5,143.5,127,95
177,186.5,144.5,125,94
178,190.5,143.5,125,95
179,194.5,143.5,125,95
180,197.5,143.5,128,93
181,199.5,143.5,133,86
182,203.5,143.5,137,74
183,206.5,143.5,136,54
184,209.5,117.5,136,57
185,211.5,94.5,134,64
186,214.5,78.5,129,79
187,216.5,70.5,125,87
188,217.5,66.5,123,91
189,219.5,65.5,122,92
190,220.5,68.5,124,89
191,220.5,75.5,128,82
192,220.5,92.5,133,65
193,220.5,118.5,137,39
194,221.5,142.5,136,16
195,221.5,145.5,136,44
196,221.5,146.5,131,71
197,221.5,148.5,126,85
198,222.5,149.5,119,91
199,222.5,151.5,115,92
200,222.5,153.5,114,91
201,222.5,156.5,114,91
202,222.5,159.5,117,91
203,221.5,161.5,121,91
204,222.5,164.5,126,86
205,221.5,153.5,131,88
206,221.5,131.5,134,94
207,221.5,113.5,135,91
208,221.5,102.5,133,85
209,221.5,97.5,133,93
210,221.5,98.5,132,95
211,221.5,100.5,131,104
212,221.5,103.5,132,104
213,221.5,106.5,112,95
214,221.5,112.5,134,108
215,221.5,123.5,136,126
216,221.5,138.5,128,136
217,221.5,158.5,124,130
218,222.5,179.5,117,114
219,223.5,198.5,110,91
220,223.5,204.5,107,77
221,223.5,205.5,105,70
222,223.5,206.5,104,66
223,223.5,207.5,104,69
224,223.5,207.5,106,77
225,222.5,199.5,109,94
226,219.5,182.5,115,117
227,218.5,162.5,119,137
228,214.5,144.5,125,145
229,210.5,130.5,128,139
230,207.5,123.5,127,120
231,202.5,120.5,127,104
232,196.5,119.5,126,93
233,193.5,117.5,124,92
234,188.5,114.5,123,93
235,184.5,112.5,108,93
236,178.5,114.5,121,101
237,173.5,123.5,120,112
238,168.5,138.5,119,114
239,163.5,158.5,117,107
240,160.5,171.5,114,98
241,156.5,179.5,112,89
242,153.5,177.5,108,85
243,148.5,175.5,108,82
244,146.5,173.5,106,81
245,142.5,171.5,108,83
246,138.5,169.5,109,86
247,135.5,168.5,110,87
248,131.5,167.5,112,81
249,128.5,155.5,113,78
250,125.5,135.5,113,74
251,124.5,115.5,113,69
